Page E8
ROM: 50010 - 5200F
----------------------------------------------------
     00 01 02 03 04 05 06 07 08 09 0A 0B 0C 0D 0E 0F
A000 4C 00 00 00 
----------------------------------------------------
     00 01 02 03 04 05 06 07 08 09 0A 0B 0C 0D 0E 0F

$A004 / $A138
	 
48 49 49 49 49 49 49 49 49 49 49 49 49 49 49 49 49 49 49 49 49 4A
4B 00 00 00 00 00 00 00 00 00 00 00 00 00 00 00 00 00 00 00 00 4C
4B 00 00 00 00 00 00 00 00 00 00 00 00 00 00 00 00 00 00 00 00 4C
4B 00 00 00 00 00 00 00 00 00 00 00 00 00 00 00 00 00 00 00 00 4C
4B 00 00 00 00 00 00 00 00 00 00 00 00 00 00 00 00 00 00 00 00 4C
4B 00 00 00 00 00 00 00 00 00 00 00 00 00 00 00 00 00 00 00 00 4C
4B 00 00 00 00 00 00 00 00 00 00 00 00 00 00 00 00 00 00 00 00 4C
4B 00 00 00 00 00 00 00 00 00 00 00 00 00 00 00 00 00 00 00 00 4C
4B 00 00 00 00 00 00 00 00 00 00 00 00 00 00 00 00 00 00 00 00 4C
4B 00 00 00 00 00 00 00 00 00 00 00 00 00 00 00 00 00 00 00 00 4C
4B 00 00 00 00 00 00 00 00 00 00 00 00 00 00 00 00 00 00 00 00 4C
4B 00 00 00 00 00 00 00 00 00 00 00 00 00 00 00 00 00 00 00 00 4C
4B 00 00 00 00 00 00 00 00 00 00 00 00 00 00 00 00 00 00 00 00 4C
4D 4E 4E 4E 4E 4E 4E 4E 4E 4E 4E 4E 4E 4E 4E 4E 4E 4E 4E 4E 4E 4F

01 01 01 01 01 01 01 01 01 01 01 01 01 01 01 01 01 01 01 01 01 01
01 00 00 00 00 00 00 00 00 00 00 00 00 00 00 00 00 00 00 00 00 01
01 00 00 00 00 00 00 00 00 00 00 00 00 00 00 00 00 00 00 00 00 01
01 00 00 00 00 00 00 00 00 00 00 00 00 00 00 00 00 00 00 00 00 01
01 00 00 00 00 00 00 00 00 00 00 00 00 00 00 00 00 00 00 00 00 01
01 00 00 00 00 00 00 00 00 00 00 00 00 00 00 00 00 00 00 00 00 01
01 00 00 00 00 00 00 00 00 00 00 00 00 00 00 00 00 00 00 00 00 01
01 00 00 00 00 00 00 00 00 00 00 00 00 00 00 00 00 00 00 00 00 01
01 00 00 00 00 00 00 00 00 00 00 00 00 00 00 00 00 00 00 00 00 01
01 00 00 00 00 00 00 00 00 00 00 00 00 00 00 00 00 00 00 00 00 01
01 00 00 00 00 00 00 00 00 00 00 00 00 00 00 00 00 00 00 00 00 01
01 00 00 00 00 00 00 00 00 00 00 00 00 00 00 00 00 00 00 00 00 01
01 00 00 00 00 00 00 00 00 00 00 00 00 00 00 00 00 00 00 00 00 01
01 01 01 01 01 01 01 01 01 01 01 01 01 01 01 01 01 01 01 01 01 01

----------------------------------------------------
     00 01 02 03 04 05 06 07 08 09 0A 0B 0C 0D 0E 0F
A260                                     40 41 41 41
A270 41 41 41 41 41 41 41 41 41 41 41 41 41 41 41 41
A280 41 41 41 42 43 00 00 00 00 00 00 00 00 00 00 00
A290 00 00 00 00 00 00 00 00 00 00 00 44 43 00 00 00
A2A0 00 00 00 00 00 00 00 00 00 00 00 00 00 00 00 00
A2B0 00 00 00 44 43 00 00 00 00 00 00 00 00 00 00 00
A2C0 00 00 00 00 00 00 00 00 00 00 00 44 43 00 00 00
A2D0 00 00 00 00 00 00 00 00 00 00 00 00 00 00 00 00
A2E0 00 00 00 44 43 00 00 00 00 00 00 00 00 00 00 00
A2F0 00 00 00 00 00 00 00 00 00 00 00 44 43 00 00 00
A300 00 00 00 00 00 00 00 00 00 00 00 00 00 00 00 00
A310 00 00 00 44 43 00 00 00 00 00 00 00 00 00 00 00
A320 00 00 00 00 00 00 00 00 00 00 00 44 43 00 00 00
A330 00 00 00 00 00 00 00 00 00 00 00 00 00 00 00 00
A340 00 00 00 44 43 00 00 00 00 00 00 00 00 00 00 00
A350 00 00 00 00 00 00 00 00 00 00 00 44 43 00 00 00
A360 00 00 00 00 00 00 00 00 00 00 00 00 00 00 00 00
A370 00 00 00 44 43 00 00 00 00 00 00 00 00 00 00 00
A380 00 00 00 00 00 00 00 00 00 00 00 44 43 00 00 00
A390 00 00 00 00 00 00 00 00 00 00 00 00 00 00 00 00
A3A0 00 00 00 44 45 46 46 46 46 46 46 46 46 46 46 46
A3B0 46 46 46 46 46 46 46 46 46 46 46 47 01 01 01 01
A3C0 01 01 01 01 01 01 01 01 01 01 01 01 01 01 01 01
A3D0 01 01 01 01 01 00 00 00 00 00 00 00 00 00 00 00
A3E0 00 00 00 00 00 00 00 00 00 00 00 01 01 00 00 00
A3F0 00 00 00 00 00 00 00 00 00 00 00 00 00 00 00 00
A400 00 00 00 01 01 00 00 00 00 00 00 00 00 00 00 00
A410 00 00 00 00 00 00 00 00 00 00 00 01 01 00 00 00
A420 00 00 00 00 00 00 00 00 00 00 00 00 00 00 00 00
A430 00 00 00 01 01 00 00 00 00 00 00 00 00 00 00 00
A440 00 00 00 00 00 00 00 00 00 00 00 01 01 00 00 00
A450 00 00 00 00 00 00 00 00 00 00 00 00 00 00 00 00
A460 00 00 00 01 01 00 00 00 00 00 00 00 00 00 00 00
A470 00 00 00 00 00 00 00 00 00 00 00 01 01 00 00 00
A480 00 00 00 00 00 00 00 00 00 00 00 00 00 00 00 00
A490 00 00 00 01 01 00 00 00 00 00 00 00 00 00 00 00
A4A0 00 00 00 00 00 00 00 00 00 00 00 01 01 00 00 00
A4B0 00 00 00 00 00 00 00 00 00 00 00 00 00 00 00 00
A4C0 00 00 00 01 01 00 00 00 00 00 00 00 00 00 00 00
A4D0 00 00 00 00 00 00 00 00 00 00 00 01 01 00 00 00
A4E0 00 00 00 00 00 00 00 00 00 00 00 00 00 00 00 00
A4F0 00 00 00 01 01 01 01 01 01 01 01 01 01 01 01 01
A500 01 01 01 01 01 01 01 01 01 01 01 01 40 41 41 41
A510 41 41 41 41 41 41 41 41 41 41 41 41 42 43 00 00
A520 00 00 00 00 00 00 00 00 00 00 00 00 00 44 43 00
A530 00 00 00 00 00 00 00 00 00 00 00 00 00 00 44 43
A540 00 00 00 00 00 00 00 00 00 00 00 00 00 00 00 44
A550 43 00 00 00 00 00 00 00 00 00 00 00 00 00 00 00
A560 44 43 00 00 00 00 00 00 00 00 00 00 00 00 00 00
A570 00 44 43 00 00 00 00 00 00 00 00 00 00 00 00 00
A580 00 00 44 43 00 00 00 00 00 00 00 00 00 00 00 00
A590 00 00 00 44 43 00 00 00 00 00 00 00 00 00 00 00
A5A0 00 00 00 00 44 43 00 00 00 00 00 00 00 00 00 00
A5B0 00 00 00 00 00 44 43 00 00 00 00 00 00 00 00 00
A5C0 00 00 00 00 00 00 44 43 00 00 00 00 00 00 00 00
A5D0 00 00 00 00 00 00 00 44 43 00 00 00 00 00 00 00
A5E0 00 00 00 00 00 00 00 00 44 43 00 00 00 00 00 00
A5F0 00 00 00 00 00 00 00 00 00 44 43 00 00 00 00 00
A600 00 00 00 00 00 00 00 00 00 00 44 43 00 00 00 00
A610 00 00 00 00 00 00 00 00 00 00 00 44 43 00 00 00
A620 00 00 00 00 00 00 00 00 00 00 00 00 44 43 00 00
A630 00 00 00 00 00 00 00 00 00 00 00 00 00 44 45 46
A640 46 46 46 46 46 46 46 46 46 46 46 46 46 46 47 01
A650 01 01 01 01 01 01 01 01 01 01 01 01 01 01 01 01
A660 01 00 00 00 00 00 00 00 00 00 00 00 00 00 00 00
A670 01 01 00 00 00 00 00 00 00 00 00 00 00 00 00 00
A680 00 01 01 00 00 00 00 00 00 00 00 00 00 00 00 00
A690 00 00 01 01 00 00 00 00 00 00 00 00 00 00 00 00
A6A0 00 00 00 01 01 00 00 00 00 00 00 00 00 00 00 00
A6B0 00 00 00 00 01 01 00 00 00 00 00 00 00 00 00 00
A6C0 00 00 00 00 00 01 01 00 00 00 00 00 00 00 00 00
A6D0 00 00 00 00 00 00 01 01 00 00 00 00 00 00 00 00
A6E0 00 00 00 00 00 00 00 01 01 00 00 00 00 00 00 00
A6F0 00 00 00 00 00 00 00 00 01 01 00 00 00 00 00 00
A700 00 00 00 00 00 00 00 00 00 01 01 00 00 00 00 00
A710 00 00 00 00 00 00 00 00 00 00 01 01 00 00 00 00
A720 00 00 00 00 00 00 00 00 00 00 00 01 01 00 00 00
A730 00 00 00 00 00 00 00 00 00 00 00 00 01 01 00 00
A740 00 00 00 00 00 00 00 00 00 00 00 00 00 01 01 00
A750 00 00 00 00 00 00 00 00 00 00 00 00 00 00 01 01
A760 00 00 00 00 00 00 00 00 00 00 00 00 00 00 00 01
A770 01 00 00 00 00 00 00 00 00 00 00 00 00 00 00 00
A780 01 01 01 01 01 01 01 01 01 01 01 01 01 01 01 01
A790 01 01 40 41 41 41 41 41 41 41 41 41 41 41 41 41
A7A0 41 41 41 41 41 41 41 41 41 41 41 41 41 41 41 42
A7B0 43 00 00 00 00 00 00 00 00 00 00 00 00 00 00 00
A7C0 00 00 00 00 00 00 00 00 00 00 00 00 00 44 43 00
A7D0 00 00 00 00 00 00 00 00 00 00 00 00 00 00 00 00
A7E0 00 00 00 00 00 00 00 00 00 00 00 44 43 00 00 00
A7F0 00 00 00 00 00 00 00 00 00 00 00 00 00 00 00 00
A800 00 00 00 00 00 00 00 00 00 44 43 00 00 00 00 00
A810 00 00 00 00 00 00 00 00 00 00 00 00 00 00 00 00
A820 00 00 00 00 00 00 00 44 43 00 00 00 00 00 00 00
A830 00 00 00 00 00 00 00 00 00 00 00 00 00 00 00 00
A840 00 00 00 00 00 44 43 00 00 00 00 00 00 00 00 00
A850 00 00 00 00 00 00 00 00 00 00 00 00 00 00 00 00
A860 00 00 00 44 43 00 00 00 00 00 00 00 00 00 00 00
A870 00 00 00 00 00 00 00 00 00 00 00 00 00 00 00 00
A880 00 44 43 00 00 00 00 00 00 00 00 00 00 00 00 00
A890 00 00 00 00 00 00 00 00 00 00 00 00 00 00 00 44
A8A0 43 00 00 00 00 00 00 00 00 00 00 00 00 00 00 00
A8B0 00 00 00 00 00 00 00 00 00 00 00 00 00 44 43 00
A8C0 00 00 00 00 00 00 00 00 00 00 00 00 00 00 00 00
A8D0 00 00 00 00 00 00 00 00 00 00 00 44 43 00 00 00
A8E0 00 00 00 00 00 00 00 00 00 00 00 00 00 00 00 00
A8F0 00 00 00 00 00 00 00 00 00 44 43 00 00 00 00 00
A900 00 00 00 00 00 00 00 00 00 00 00 00 00 00 00 00
A910 00 00 00 00 00 00 00 44 45 46 46 46 46 46 46 46
A920 46 46 46 46 46 46 46 46 46 46 46 46 46 46 46 46
A930 46 46 46 46 46 47 01 01 01 01 01 01 01 01 01 01
A940 01 01 01 01 01 01 01 01 01 01 01 01 01 01 01 01
A950 01 01 01 01 01 00 00 00 00 00 00 00 00 00 00 00
A960 00 00 00 00 00 00 00 00 00 00 00 00 00 00 00 00
A970 00 01 01 00 00 00 00 00 00 00 00 00 00 00 00 00
A980 00 00 00 00 00 00 00 00 00 00 00 00 00 00 00 01
A990 01 00 00 00 00 00 00 00 00 00 00 00 00 00 00 00
A9A0 00 00 00 00 00 00 00 00 00 00 00 00 00 01 01 00
A9B0 00 00 00 00 00 00 00 00 00 00 00 00 00 00 00 00
A9C0 00 00 00 00 00 00 00 00 00 00 00 01 01 00 00 00
A9D0 00 00 00 00 00 00 00 00 00 00 00 00 00 00 00 00
A9E0 00 00 00 00 00 00 00 00 00 01 01 00 00 00 00 00
A9F0 00 00 00 00 00 00 00 00 00 00 00 00 00 00 00 00
AA00 00 00 00 00 00 00 00 01 01 00 00 00 00 00 00 00
AA10 00 00 00 00 00 00 00 00 00 00 00 00 00 00 00 00
AA20 00 00 00 00 00 01 01 00 00 00 00 00 00 00 00 00
AA30 00 00 00 00 00 00 00 00 00 00 00 00 00 00 00 00
AA40 00 00 00 01 01 00 00 00 00 00 00 00 00 00 00 00
AA50 00 00 00 00 00 00 00 00 00 00 00 00 00 00 00 00
AA60 00 01 01 00 00 00 00 00 00 00 00 00 00 00 00 00
AA70 00 00 00 00 00 00 00 00 00 00 00 00 00 00 00 01
AA80 01 00 00 00 00 00 00 00 00 00 00 00 00 00 00 00
AA90 00 00 00 00 00 00 00 00 00 00 00 00 00 01 01 00
AAA0 00 00 00 00 00 00 00 00 00 00 00 00 00 00 00 00
AAB0 00 00 00 00 00 00 00 00 00 00 00 01 01 01 01 01
AAC0 01 01 01 01 01 01 01 01 01 01 01 01 01 01 01 01
AAD0 01 01 01 01 01 01 01 01 01 01 40 41 41 41 41 41
AAE0 41 41 41 41 41 41 41 42 43 00 00 00 00 00 00 00
AAF0 00 00 00 00 00 44 43 00 00 00 00 00 00 00 00 00
AB00 00 00 00 44 43 00 00 00 00 00 00 00 00 00 00 00
AB10 00 44 43 00 00 00 00 00 00 00 00 00 00 00 00 44
AB20 43 00 00 00 00 00 00 00 00 00 00 00 00 44 43 00
AB30 00 00 00 00 00 00 00 00 00 00 00 44 43 00 00 00
AB40 00 00 00 00 00 00 00 00 00 44 43 00 00 00 00 00
AB50 00 00 00 00 00 00 00 44 43 00 00 00 00 00 00 00
AB60 00 00 00 00 00 44 43 00 00 00 00 00 00 00 00 00
AB70 00 00 00 44 43 00 00 00 00 00 00 00 00 00 00 00
AB80 00 44 43 00 00 00 00 00 00 00 00 00 00 00 00 44
AB90 45 46 46 46 46 46 46 46 46 46 46 46 46 47 01 01
ABA0 01 01 01 01 01 01 01 01 01 01 01 01 01 00 00 00
ABB0 00 00 00 00 00 00 00 00 00 01 01 00 00 00 00 00
ABC0 00 00 00 00 00 00 00 01 01 00 00 00 00 00 00 00
ABD0 00 00 00 00 00 01 01 00 00 00 00 00 00 00 00 00
ABE0 00 00 00 01 01 00 00 00 00 00 00 00 00 00 00 00
ABF0 00 01 01 00 00 00 00 00 00 00 00 00 00 00 00 01
AC00 01 00 00 00 00 00 00 00 00 00 00 00 00 01 01 00
AC10 00 00 00 00 00 00 00 00 00 00 00 01 01 00 00 00
AC20 00 00 00 00 00 00 00 00 00 01 01 00 00 00 00 00
AC30 00 00 00 00 00 00 00 01 01 00 00 00 00 00 00 00
AC40 00 00 00 00 00 01 01 00 00 00 00 00 00 00 00 00
AC50 00 00 00 01 01 01 01 01 01 01 01 01 01 01 01 01
AC60 01 01 50 51 51 51 51 51 51 51 51 52 53 00 00 00
AC70 00 00 00 00 00 54 53 00 00 00 00 00 00 00 00 54
AC80 53 00 00 00 00 00 00 00 00 54 53 00 00 00 00 00
AC90 00 00 00 54 53 00 00 00 00 00 00 00 00 54 53 00
ACA0 00 00 00 00 00 00 00 54 55 56 56 56 56 56 56 56
ACB0 56 57 01 01 01 01 01 01 01 01 01 01 01 00 00 00
ACC0 00 00 00 00 00 01 01 00 00 00 00 00 00 00 00 01
ACD0 01 00 00 00 00 00 00 00 00 01 01 00 00 00 00 00
ACE0 00 00 00 01 01 00 00 00 00 00 00 00 00 01 01 00
ACF0 00 00 00 00 00 00 00 01 01 01 01 01 01 01 01 01
AD00 01 01 50 51 51 51 51 51 51 51 51 51 51 51 51 52
AD10 53 00 00 00 00 00 00 00 00 00 00 00 00 54 53 00
AD20 00 00 00 00 00 00 00 00 00 00 00 54 53 00 00 00
AD30 00 00 00 00 00 00 00 00 00 54 53 00 00 00 00 00
AD40 00 00 00 00 00 00 00 54 55 56 56 56 56 56 56 56
AD50 56 56 56 56 56 57 01 01 01 01 01 01 01 01 01 01
AD60 01 01 01 01 01 00 00 00 00 00 00 00 00 00 00 00
AD70 00 01 01 00 00 00 00 00 00 00 00 00 00 00 00 01
AD80 01 00 00 00 00 00 00 00 00 00 00 00 00 01 01 00
AD90 00 00 00 00 00 00 00 00 00 00 00 01 01 01 01 01
ADA0 01 01 01 01 01 01 01 01 01 01 48 49 49 49 49 49
ADB0 49 49 49 49 49 49 49 49 49 49 49 49 49 49 49 49
ADC0 49 49 49 49 49 4A 4B 00 00 00 00 00 00 00 00 00
ADD0 00 00 00 00 00 00 00 00 00 00 00 00 00 00 00 00
ADE0 00 4C 4B 00 00 00 00 00 00 00 00 00 00 00 00 00
ADF0 00 00 00 00 00 00 00 00 00 00 00 00 00 4C 4B 00
AE00 00 00 00 00 00 00 00 00 00 00 00 00 00 00 00 00
AE10 00 00 00 00 00 00 00 00 00 4C 4B 00 00 00 00 00
AE20 00 00 00 00 00 00 00 00 00 00 00 00 00 00 00 00
AE30 00 00 00 00 00 4C 4B 00 00 00 00 00 00 00 00 00
AE40 00 00 00 00 00 00 00 00 00 00 00 00 00 00 00 00
AE50 00 4C 4B 00 00 00 00 00 00 00 00 00 00 00 00 00
AE60 00 00 00 00 00 00 00 00 00 00 00 00 00 4C 4B 00
AE70 00 00 00 00 00 00 00 00 00 00 00 00 00 00 00 00
AE80 00 00 00 00 00 00 00 00 00 4C 4B 00 00 00 00 00
AE90 00 00 00 00 00 00 00 00 00 00 00 00 00 00 00 00
AEA0 00 00 00 00 00 4C 4B 00 00 00 00 00 00 00 00 00
AEB0 00 00 00 00 00 00 00 00 00 00 00 00 00 00 00 00
AEC0 00 4C 4B 00 00 00 00 00 00 00 00 00 00 00 00 00
AED0 00 00 00 00 00 00 00 00 00 00 00 00 00 4C 4B 00
AEE0 00 00 00 00 00 00 00 00 00 00 00 00 00 00 00 00
AEF0 00 00 00 00 00 00 00 00 00 4C 4B 00 00 00 00 00
AF00 00 00 00 00 00 00 00 00 00 00 00 00 00 00 00 00
AF10 00 00 00 00 00 4C 4B 00 00 00 00 00 00 00 00 00
AF20 00 00 00 00 00 00 00 00 00 00 00 00 00 00 00 00
AF30 00 4C 4B 00 00 00 00 00 00 00 00 00 00 00 00 00
AF40 00 00 00 00 00 00 00 00 00 00 00 00 00 4C 4D 4E
AF50 4E 4E 4E 4E 4E 4E 4E 4E 4E 4E 4E 4E 4E 4E 4E 4E
AF60 4E 4E 4E 4E 4E 4E 4E 4E 4E 4F 01 01 01 01 01 01
AF70 01 01 01 01 01 01 01 01 01 01 01 01 01 01 01 01
AF80 01 01 01 01 01 01 01 00 00 00 00 00 00 00 00 00
AF90 00 00 00 00 00 00 00 00 00 00 00 00 00 00 00 00
AFA0 00 01 01 00 00 00 00 00 00 00 00 00 00 00 00 00
AFB0 00 00 00 00 00 00 00 00 00 00 00 00 00 01 01 00
AFC0 00 00 00 00 00 00 00 00 00 00 00 00 00 00 00 00
AFD0 00 00 00 00 00 00 00 00 00 01 01 00 00 00 00 00
AFE0 00 00 00 00 00 00 00 00 00 00 00 00 00 00 00 00
AFF0 00 00 00 00 00 01 01 00 00 00 00 00 00 00 00 00
B000 00 00 00 00 00 00 00 00 00 00 00 00 00 00 00 00
B010 00 01 01 00 00 00 00 00 00 00 00 00 00 00 00 00
B020 00 00 00 00 00 00 00 00 00 00 00 00 00 01 01 00
B030 00 00 00 00 00 00 00 00 00 00 00 00 00 00 00 00
B040 00 00 00 00 00 00 00 00 00 01 01 00 00 00 00 00
B050 00 00 00 00 00 00 00 00 00 00 00 00 00 00 00 00
B060 00 00 00 00 00 01 01 00 00 00 00 00 00 00 00 00
B070 00 00 00 00 00 00 00 00 00 00 00 00 00 00 00 00
B080 00 01 01 00 00 00 00 00 00 00 00 00 00 00 00 00
B090 00 00 00 00 00 00 00 00 00 00 00 00 00 01 01 00
B0A0 00 00 00 00 00 00 00 00 00 00 00 00 00 00 00 00
B0B0 00 00 00 00 00 00 00 00 00 01 01 00 00 00 00 00
B0C0 00 00 00 00 00 00 00 00 00 00 00 00 00 00 00 00
B0D0 00 00 00 00 00 01 01 00 00 00 00 00 00 00 00 00
B0E0 00 00 00 00 00 00 00 00 00 00 00 00 00 00 00 00
B0F0 00 01 01 00 00 00 00 00 00 00 00 00 00 00 00 00
B100 00 00 00 00 00 00 00 00 00 00 00 00 00 01 01 01
B110 01 01 01 01 01 01 01 01 01 01 01 01 01 01 01 01
B120 01 01 01 01 01 01 01 01 01 01 50 51 51 51 51 51
B130 51 52 53 00 00 00 00 00 00 54 53 00 00 00 00 00
B140 00 54 53 00 00 00 00 00 00 54 53 00 00 00 00 00
B150 00 54 53 00 00 00 00 00 00 54 53 00 00 00 00 00
B160 00 54 55 56 56 56 56 56 56 57 01 01 01 01 01 01
B170 01 01 01 00 00 00 00 00 00 01 01 00 00 00 00 00
B180 00 01 01 00 00 00 00 00 00 01 01 00 00 00 00 00
B190 00 01 01 00 00 00 00 00 00 01 01 00 00 00 00 00
B1A0 00 01 01 01 01 01 01 01 01 01 50 51 51 51 51 51
B1B0 51 51 51 51 51 51 51 51 51 51 51 51 51 51 51 51
B1C0 51 51 51 51 51 51 51 52 53 00 00 00 00 00 00 00
B1D0 00 00 00 00 00 00 00 00 00 00 00 00 00 00 00 00
B1E0 00 00 00 00 00 54 53 00 00 00 00 00 00 00 00 00
B1F0 00 00 00 00 00 00 00 00 00 00 00 00 00 00 00 00
B200 00 00 00 54 53 00 00 00 00 00 00 00 00 00 00 00
B210 00 00 00 00 00 00 00 00 00 00 00 00 00 00 00 00
B220 00 54 53 00 00 00 00 00 00 00 00 00 00 00 00 00
B230 00 00 00 00 00 00 00 00 00 00 00 00 00 00 00 54
B240 53 00 00 00 00 00 00 00 00 00 00 00 00 00 00 00
B250 00 00 00 00 00 00 00 00 00 00 00 00 00 54 53 00
B260 00 00 00 00 00 00 00 00 00 00 00 00 00 00 00 00
B270 00 00 00 00 00 00 00 00 00 00 00 54 53 00 00 00
B280 00 00 00 00 00 00 00 00 00 00 00 00 00 00 00 00
B290 00 00 00 00 00 00 00 00 00 54 53 00 00 00 00 00
B2A0 00 00 00 00 00 00 00 00 00 00 00 00 00 00 00 00
B2B0 00 00 00 00 00 00 00 54 53 00 00 00 00 00 00 00
B2C0 00 00 00 00 00 00 00 00 00 00 00 00 00 00 00 00
B2D0 00 00 00 00 00 54 53 00 00 00 00 00 00 00 00 00
B2E0 00 00 00 00 00 00 00 00 00 00 00 00 00 00 00 00
B2F0 00 00 00 54 53 00 00 00 00 00 00 00 00 00 00 00
B300 00 00 00 00 00 00 00 00 00 00 00 00 00 00 00 00
B310 00 54 53 00 00 00 00 00 00 00 00 00 00 00 00 00
B320 00 00 00 00 00 00 00 00 00 00 00 00 00 00 00 54
B330 53 00 00 00 00 00 00 00 00 00 00 00 00 00 00 00
B340 00 00 00 00 00 00 00 00 00 00 00 00 00 54 53 00
B350 00 00 00 00 00 00 00 00 00 00 00 00 00 00 00 00
B360 00 00 00 00 00 00 00 00 00 00 00 54 53 00 00 00
B370 00 00 00 00 00 00 00 00 00 00 00 00 00 00 00 00
B380 00 00 00 00 00 00 00 00 00 54 53 00 00 00 00 00
B390 00 00 00 00 00 00 00 00 00 00 00 00 00 00 00 00
B3A0 00 00 00 00 00 00 00 54 53 00 00 00 00 00 00 00
B3B0 00 00 00 00 00 00 00 00 00 00 00 00 00 00 00 00
B3C0 00 00 00 00 00 54 53 00 00 00 00 00 00 00 00 00
B3D0 00 00 00 00 00 00 00 00 00 00 00 00 00 00 00 00
B3E0 00 00 00 54 55 56 56 56 56 56 56 56 56 56 56 56
B3F0 56 56 56 56 56 56 56 56 56 56 56 56 56 56 56 56
B400 56 57 01 01 01 01 01 01 01 01 01 01 01 01 01 01
B410 01 01 01 01 01 01 01 01 01 01 01 01 01 01 01 01
B420 01 00 00 00 00 00 00 00 00 00 00 00 00 00 00 00
B430 00 00 00 00 00 00 00 00 00 00 00 00 00 01 01 00
B440 00 00 00 00 00 00 00 00 00 00 00 00 00 00 00 00
B450 00 00 00 00 00 00 00 00 00 00 00 01 01 00 00 00
B460 00 00 00 00 00 00 00 00 00 00 00 00 00 00 00 00
B470 00 00 00 00 00 00 00 00 00 01 01 00 00 00 00 00
B480 00 00 00 00 00 00 00 00 00 00 00 00 00 00 00 00
B490 00 00 00 00 00 00 00 01 01 00 00 00 00 00 00 00
B4A0 00 00 00 00 00 00 00 00 00 00 00 00 00 00 00 00
B4B0 00 00 00 00 00 01 01 00 00 00 00 00 00 00 00 00
B4C0 00 00 00 00 00 00 00 00 00 00 00 00 00 00 00 00
B4D0 00 00 00 01 01 00 00 00 00 00 00 00 00 00 00 00
B4E0 00 00 00 00 00 00 00 00 00 00 00 00 00 00 00 00
B4F0 00 01 01 00 00 00 00 00 00 00 00 00 00 00 00 00
B500 00 00 00 00 00 00 00 00 00 00 00 00 00 00 00 01
B510 01 00 00 00 00 00 00 00 00 00 00 00 00 00 00 00
B520 00 00 00 00 00 00 00 00 00 00 00 00 00 01 01 00
B530 00 00 00 00 00 00 00 00 00 00 00 00 00 00 00 00
B540 00 00 00 00 00 00 00 00 00 00 00 01 01 00 00 00
B550 00 00 00 00 00 00 00 00 00 00 00 00 00 00 00 00
B560 00 00 00 00 00 00 00 00 00 01 01 00 00 00 00 00
B570 00 00 00 00 00 00 00 00 00 00 00 00 00 00 00 00
B580 00 00 00 00 00 00 00 01 01 00 00 00 00 00 00 00
B590 00 00 00 00 00 00 00 00 00 00 00 00 00 00 00 00
B5A0 00 00 00 00 00 01 01 00 00 00 00 00 00 00 00 00
B5B0 00 00 00 00 00 00 00 00 00 00 00 00 00 00 00 00
B5C0 00 00 00 01 01 00 00 00 00 00 00 00 00 00 00 00
B5D0 00 00 00 00 00 00 00 00 00 00 00 00 00 00 00 00
B5E0 00 01 01 00 00 00 00 00 00 00 00 00 00 00 00 00
B5F0 00 00 00 00 00 00 00 00 00 00 00 00 00 00 00 01
B600 01 00 00 00 00 00 00 00 00 00 00 00 00 00 00 00
B610 00 00 00 00 00 00 00 00 00 00 00 00 00 01 01 00
B620 00 00 00 00 00 00 00 00 00 00 00 00 00 00 00 00
B630 00 00 00 00 00 00 00 00 00 00 00 01 01 01 01 01
B640 01 01 01 01 01 01 01 01 01 01 01 01 01 01 01 01
B650 01 01 01 01 01 01 01 01 01 01 40 41 41 41 41 41
B660 41 41 41 41 41 41 41 41 41 41 41 41 41 41 41 41
B670 41 41 41 41 41 41 41 42 43 00 00 00 00 00 00 00
B680 00 00 00 00 00 00 00 00 00 00 00 00 00 00 00 00
B690 00 00 00 00 00 44 43 00 00 00 00 00 00 00 00 00
B6A0 00 00 00 00 00 00 00 00 00 00 00 00 00 00 00 00
B6B0 00 00 00 44 43 00 00 00 00 00 00 00 00 00 00 00
B6C0 00 00 00 00 00 00 00 00 00 00 00 00 00 00 00 00
B6D0 00 44 43 00 00 00 00 00 00 00 00 00 00 00 00 00
B6E0 00 00 00 00 00 00 00 00 00 00 00 00 00 00 00 44
B6F0 43 00 00 00 00 00 00 00 00 00 00 00 00 00 00 00
B700 00 00 00 00 00 00 00 00 00 00 00 00 00 44 43 00
B710 00 00 00 00 00 00 00 00 00 00 00 00 00 00 00 00
B720 00 00 00 00 00 00 00 00 00 00 00 44 43 00 00 00
B730 00 00 00 00 00 00 00 00 00 00 00 00 00 00 00 00
B740 00 00 00 00 00 00 00 00 00 44 43 00 00 00 00 00
B750 00 00 00 00 00 00 00 00 00 00 00 00 00 00 00 00
B760 00 00 00 00 00 00 00 44 43 00 00 00 00 00 00 00
B770 00 00 00 00 00 00 00 00 00 00 00 00 00 00 00 00
B780 00 00 00 00 00 44 43 00 00 00 00 00 00 00 00 00
B790 00 00 00 00 00 00 00 00 00 00 00 00 00 00 00 00
B7A0 00 00 00 44 43 00 00 00 00 00 00 00 00 00 00 00
B7B0 00 00 00 00 00 00 00 00 00 00 00 00 00 00 00 00
B7C0 00 44 43 00 00 00 00 00 00 00 00 00 00 00 00 00
B7D0 00 00 00 00 00 00 00 00 00 00 00 00 00 00 00 44
B7E0 43 00 00 00 00 00 00 00 00 00 00 00 00 00 00 00
B7F0 00 00 00 00 00 00 00 00 00 00 00 00 00 44 43 00
B800 00 00 00 00 00 00 00 00 00 00 00 00 00 00 00 00
B810 00 00 00 00 00 00 00 00 00 00 00 44 45 46 46 46
B820 46 46 46 46 46 46 46 46 46 46 46 46 46 46 46 46
B830 46 46 46 46 46 46 46 46 46 47 01 01 01 01 01 01
B840 01 01 01 01 01 01 01 01 01 01 01 01 01 01 01 01
B850 01 01 01 01 01 01 01 01 01 00 00 00 00 00 00 00
B860 00 00 00 00 00 00 00 00 00 00 00 00 00 00 00 00
B870 00 00 00 00 00 01 01 00 00 00 00 00 00 00 00 00
B880 00 00 00 00 00 00 00 00 00 00 00 00 00 00 00 00
B890 00 00 00 01 01 00 00 00 00 00 00 00 00 00 00 00
B8A0 00 00 00 00 00 00 00 00 00 00 00 00 00 00 00 00
B8B0 00 01 01 00 00 00 00 00 00 00 00 00 00 00 00 00
B8C0 00 00 00 00 00 00 00 00 00 00 00 00 00 00 00 01
B8D0 01 00 00 00 00 00 00 00 00 00 00 00 00 00 00 00
B8E0 00 00 00 00 00 00 00 00 00 00 00 00 00 01 01 00
B8F0 00 00 00 00 00 00 00 00 00 00 00 00 00 00 00 00
B900 00 00 00 00 00 00 00 00 00 00 00 01 01 00 00 00
B910 00 00 00 00 00 00 00 00 00 00 00 00 00 00 00 00
B920 00 00 00 00 00 00 00 00 00 01 01 00 00 00 00 00
B930 00 00 00 00 00 00 00 00 00 00 00 00 00 00 00 00
B940 00 00 00 00 00 00 00 01 01 00 00 00 00 00 00 00
B950 00 00 00 00 00 00 00 00 00 00 00 00 00 00 00 00
B960 00 00 00 00 00 01 01 00 00 00 00 00 00 00 00 00
B970 00 00 00 00 00 00 00 00 00 00 00 00 00 00 00 00
B980 00 00 00 01 01 00 00 00 00 00 00 00 00 00 00 00
B990 00 00 00 00 00 00 00 00 00 00 00 00 00 00 00 00
B9A0 00 01 01 00 00 00 00 00 00 00 00 00 00 00 00 00
B9B0 00 00 00 00 00 00 00 00 00 00 00 00 00 00 00 01
B9C0 01 00 00 00 00 00 00 00 00 00 00 00 00 00 00 00
B9D0 00 00 00 00 00 00 00 00 00 00 00 00 00 01 01 00
B9E0 00 00 00 00 00 00 00 00 00 00 00 00 00 00 00 00
B9F0 00 00 00 00 00 00 00 00 00 00 00 01 01 01 01 01
BA00 01 01 01 01 01 01 01 01 01 01 01 01 01 01 01 01
BA10 01 01 01 01 01 01 01 01 01 01 FF FF FF FF FF FF
BA20 FF FF FF FF FF FF FF FF FF FF FF FF FF FF FF FF
BA30 FF FF FF FF FF FF FF FF FF FF FF FF FF FF FF FF
BA40 FF FF FF FF FF FF FF FF FF FF FF FF FF FF FF FF
BA50 FF FF FF FF FF FF FF FF FF FF FF FF FF FF FF FF
BA60 FF FF FF FF FF FF FF FF FF FF FF FF FF FF FF FF
BA70 FF FF FF FF FF FF FF FF FF FF FF FF FF FF FF FF
BA80 FF FF FF FF FF FF FF FF FF FF FF FF FF FF FF FF
BA90 FF FF FF FF FF FF FF FF FF FF FF FF FF FF FF FF
BAA0 FF FF FF FF FF FF FF FF FF FF FF FF FF FF FF FF
BAB0 FF FF FF FF FF FF FF FF FF FF FF FF FF FF FF FF
BAC0 FF FF FF FF FF FF FF FF FF FF FF FF FF FF FF FF
BAD0 FF FF FF FF FF FF FF FF FF FF FF FF FF FF FF FF
BAE0 FF FF FF FF FF FF FF FF FF FF FF FF FF FF FF FF
BAF0 FF FF FF FF FF FF FF FF FF FF FF FF FF FF FF FF
BB00 FF FF FF FF FF FF FF FF FF FF FF FF FF FF FF FF
BB10 FF FF FF FF FF FF FF FF FF FF FF FF FF FF FF FF
BB20 FF FF FF FF FF FF FF FF FF FF FF FF FF FF FF FF
BB30 FF FF FF FF FF FF FF FF FF FF FF FF FF FF FF FF
BB40 FF FF FF FF FF FF FF FF FF FF FF FF FF FF FF FF
BB50 FF FF FF FF FF FF FF FF FF FF FF FF FF FF FF FF
BB60 FF FF FF FF FF FF FF FF FF FF FF FF FF FF FF FF
BB70 FF FF FF FF FF FF FF FF FF FF FF FF FF FF FF FF
BB80 FF FF FF FF FF FF FF FF FF FF FF FF FF FF FF FF
BB90 FF FF FF FF FF FF FF FF FF FF FF FF FF FF FF FF
BBA0 FF FF FF FF FF FF FF FF FF FF FF FF FF FF FF FF
BBB0 FF FF FF FF FF FF FF FF FF FF FF FF FF FF FF FF
BBC0 FF FF FF FF FF FF FF FF FF FF FF FF FF FF FF FF
BBD0 FF FF FF FF FF FF FF FF FF FF FF FF FF FF FF FF
BBE0 FF FF FF FF FF FF FF FF FF FF FF FF FF FF FF FF
BBF0 FF FF FF FF FF FF FF FF FF FF FF FF FF FF FF FF
BC00 FF FF FF FF FF FF FF FF FF FF FF FF FF FF FF FF
BC10 FF FF FF FF FF FF FF FF FF FF FF FF FF FF FF FF
BC20 FF FF FF FF FF FF FF FF FF FF FF FF FF FF FF FF
BC30 FF FF FF FF FF FF FF FF FF FF FF FF FF FF FF FF
BC40 FF FF FF FF FF FF FF FF FF FF FF FF FF FF FF FF
BC50 FF FF FF FF FF FF FF FF FF FF FF FF FF FF FF FF
BC60 FF FF FF FF FF FF FF FF FF FF FF FF FF FF FF FF
BC70 FF FF FF FF FF FF FF FF FF FF FF FF FF FF FF FF
BC80 FF FF FF FF FF FF FF FF FF FF FF FF FF FF FF FF
BC90 FF FF FF FF FF FF FF FF FF FF FF FF FF FF FF FF
BCA0 FF FF FF FF FF FF FF FF FF FF FF FF FF FF FF FF
BCB0 FF FF FF FF FF FF FF FF FF FF FF FF FF FF FF FF
BCC0 FF FF FF FF FF FF FF FF FF FF FF FF FF FF FF FF
BCD0 FF FF FF FF FF FF FF FF FF FF FF FF FF FF FF FF
BCE0 FF FF FF FF FF FF FF FF FF FF FF FF FF FF FF FF
BCF0 FF FF FF FF FF FF FF FF FF FF FF FF FF FF FF FF
BD00 FF FF FF FF FF FF FF FF FF FF FF FF FF FF FF FF
BD10 FF FF FF FF FF FF FF FF FF FF FF FF FF FF FF FF
BD20 FF FF FF FF FF FF FF FF FF FF FF FF FF FF FF FF
BD30 FF FF FF FF FF FF FF FF FF FF FF FF FF FF FF FF
BD40 FF FF FF FF FF FF FF FF FF FF FF FF FF FF FF FF
BD50 FF FF FF FF FF FF FF FF FF FF FF FF FF FF FF FF
BD60 FF FF FF FF FF FF FF FF FF FF FF FF FF FF FF FF
BD70 FF FF FF FF FF FF FF FF FF FF FF FF FF FF FF FF
BD80 FF FF FF FF FF FF FF FF FF FF FF FF FF FF FF FF
BD90 FF FF FF FF FF FF FF FF FF FF FF FF FF FF FF FF
BDA0 FF FF FF FF FF FF FF FF FF FF FF FF FF FF FF FF
BDB0 FF FF FF FF FF FF FF FF FF FF FF FF FF FF FF FF
BDC0 FF FF FF FF FF FF FF FF FF FF FF FF FF FF FF FF
BDD0 FF FF FF FF FF FF FF FF FF FF FF FF FF FF FF FF
BDE0 FF FF FF FF FF FF FF FF FF FF FF FF FF FF FF FF
BDF0 FF FF FF FF FF FF FF FF FF FF FF FF FF FF FF FF
BE00 FF FF FF FF FF FF FF FF FF FF FF FF FF FF FF FF
BE10 FF FF FF FF FF FF FF FF FF FF FF FF FF FF FF FF
BE20 FF FF FF FF FF FF FF FF FF FF FF FF FF FF FF FF
BE30 FF FF FF FF FF FF FF FF FF FF FF FF FF FF FF FF
BE40 FF FF FF FF FF FF FF FF FF FF FF FF FF FF FF FF
BE50 FF FF FF FF FF FF FF FF FF FF FF FF FF FF FF FF
BE60 FF FF FF FF FF FF FF FF FF FF FF FF FF FF FF FF
BE70 FF FF FF FF FF FF FF FF FF FF FF FF FF FF FF FF
BE80 FF FF FF FF FF FF FF FF FF FF FF FF FF FF FF FF
BE90 FF FF FF FF FF FF FF FF FF FF FF FF FF FF FF FF
BEA0 FF FF FF FF FF FF FF FF FF FF FF FF FF FF FF FF
BEB0 FF FF FF FF FF FF FF FF FF FF FF FF FF FF FF FF
BEC0 FF FF FF FF FF FF FF FF FF FF FF FF FF FF FF FF
BED0 FF FF FF FF FF FF FF FF FF FF FF FF FF FF FF FF
BEE0 FF FF FF FF FF FF FF FF FF FF FF FF FF FF FF FF
BEF0 FF FF FF FF FF FF FF FF FF FF FF FF FF FF FF FF
BF00 FF FF FF FF FF FF FF FF FF FF FF FF FF FF FF FF
BF10 FF FF FF FF FF FF FF FF FF FF FF FF FF FF FF FF
BF20 FF FF FF FF FF FF FF FF FF FF FF FF FF FF FF FF
BF30 FF FF FF FF FF FF FF FF FF FF FF FF FF FF FF FF
BF40 FF FF FF FF FF FF FF FF FF FF FF FF FF FF FF FF
BF50 FF FF FF FF FF FF FF FF FF FF FF FF FF FF FF FF
BF60 FF FF FF FF FF FF FF FF FF FF FF FF FF FF FF FF
BF70 FF FF FF FF FF FF FF FF FF FF FF FF FF FF FF FF
BF80 FF FF FF FF FF FF FF FF FF FF FF FF FF FF FF FF
BF90 FF FF FF FF FF FF FF FF FF FF FF FF FF FF FF FF
BFA0 FF FF FF FF FF FF FF FF FF FF FF FF FF FF FF FF
BFB0 FF FF FF FF FF FF FF FF FF FF FF FF FF FF FF FF
BFC0 FF FF FF FF FF FF FF FF FF FF FF FF FF FF FF FF
BFD0 FF FF FF FF FF FF FF FF FF FF FF FF FF FF FF FF
BFE0 FF FF FF FF FF FF FF FF FF FF FF FF FF FF FF FF
BFF0 FF FF FF FF FF FF FF FF FF FF FF FF FF FF FF FF