$ontext

   MIN-MAX MULTIPLE TRAVELLING SALESMAN PROBLEM

$offtext

$set startcity i1

scalar
   m 'number of salesman' /2/
   p 'number of cities to visit' /87/
;

sets
   i /i1*i87/
;
alias (i,j);

sets
   k / 1, 2 /
;

table c(i,j) 'distance matrix (KM)'
       i1   i2   i3   i4   i5   i6   i7   i8   i9  i10  i11  i12  i13  i14  i15  i16  i17  i18  i19  i20  i21  i22  i23  i24  i25  i26  i27  i28  i29  i30  i31  i32  i33  i34  i35  i36  i37  i38  i39  i40  i41  i42  i43  i44  i45  i46  i47  i48  i49  i50  i51  i52  i53  i54  i55  i56  i57  i58  i59  i60  i61  i62  i63  i64  i65  i66  i67  i68  i69  i70  i71  i72  i73  i74  i75  i76  i77  i78  i79  i80  i81  i82  i83  i84  i85  i86  i87 
i1           1    1                                                                                                                                                                                                                                                                                                                                                                                                                                     
i2      1            103  105  105  103  103  105  102  104  106  102  104  104  106  106  108  105  107  107  105  105  107  106  104  104  106  104  104  104  106  106  107  103  105  105  105  105  109  110  108  109  107  109  107  107  109  108  106  108  107  105  107  108  106  106  110  111  109  108  108  110  108  108  110  107  107  109  106  106  108  105  107  107  111  109  111  111  108  110  108  107  109  107  108  108 
i3      1            
i4      1                 104  106  106    1  104  106  105  103  106  105  105  105  103  106  106  106  104  106  102  106  105  101  105  105  101  105  105  107  105  104  106  106  106  102  102  106  107  105  106  104  106  104  104  106  105  103  105  106  104  104  105  105  103  107  108  106  105  105  107  105  105  107  104  104  106  103  105  105  104  106  104  108  106  108  108  105  107  105  106  106  106  107  105 
i5      1            106         1  106  106  106  105  106  105  105  106  101  107  105  108  106  108  106  106  104  108  105  107  103  105  107  103  103  107  107  106  102  104  104  108  106  108  109  107  108  106  108  106  106  108  107  105  107  106  104  106  107  105  105  109  110  108  107  107  109  107  107  109  106  106  108  105  105  107  104  106  106  110  108  110  110  107  109  107  106  108  106  107  107 
i6      1            104  106         1  105  106  104  105  105  104  105  101  107  105  108  106  108  106  106  104  108  105  105  103  105  105  103  103  107  107  106  102  104  104  106  106  108  109  107  108  106  108  106  106  108  107  105  107  106  104  106  107  105  105  109  110  108  107  107  109  107  107  109  106  106  108  105  105  107  104  106  106  110  108  110  110  107  109  107  106  108  106  107  107 
i7      1            104  105  105       101  105  104    1  104  104  106  105  104  104  106  103  105  105  103  103  105  106  102  106  106  102  106  106  104  104  105  105  107  107  103  103  107  108  106  107  105  107  105  105  107  106  104  106  107  105  105  106  106  104  108  109  107  106  106  108  106  106  108  105  105  107  104  106  106  105  107  105  109  107  109  109  106  108  106  107  107  107  108  106 
i8      1            106  104  106  108         1  107  107  105  107  107  105  105  103  106  106  106  104  108  102  106  105  101  105  105  101  105  105  107  105  104  106  106  106  106  106  106  107  105  106  104  106  104  104  106  105  103  105  106  106  104  105  107  103  107  108  106  105  105  107  105  105  107  104  104  106  103  105  105  104  106  104  108  106  108  108  105  107  105  106  106  106  107  105 
i9      1            104  105  101  104  105       104  106  106  104  106  102  104  104  106  103  105  107  103  105  105    1  105  104  106  105  104  104  104  104  107  103  105  105  105  105  107  108  106  107  105  107  105  105  107  108  106  106  107  105  105  108  106  106  108  109  107  106  106  108  106  106  108  105  107  107  106  106  106  105  107  107  109  107  109  109  108  108  108  107  107  107  108  108 
i10     1            106  105  103  106  105  105       104  106  106    1  104  106  104  107  105  107  105  105  103  107  104  106  102  104  106  102  102  106  106  105  101  105  105  107  105  107  108  106  107  105  107  105  105  107  106  104  106  105  103  105  106  104  104  108  109  107  106  106  108  106  106  108  105  105  107  104  104  106  103  105  105  109  107  109  109  106  108  106  105  107  105  106  106 
i11     1            104  105  105  104  101  105  104         1  104  106  105  104  104  106  103  105  105  103  103  105  106  102  106  106  102  106  106  104  104  105  105  107  107  103  103  107  108  106  107  105  107  105  105  107  106  104  106  107  105  105  106  106  104  108  109  107  106  106  108  106  106  108  105  105  107  104  106  106  105  107  105  109  107  109  109  106  108  106  107  107  107  108  106 
i12     1            104  105  105  104  101  105  104  106         1  106  105  104  104  106  103  105  105  103  103  105  106  102  106  106  102  106  106  104  104  105  105  107  107  103  103  107  108  106  107  105  107  105  105  107  106  104  106  107  105  105  106  106  104  108  109  107  106  106  108  106  106  108  105  105  107  104  106  106  105  107  105  109  107  109  109  106  108  106  107  107  107  108  106 
i13     1            104    1  104  104  105  106  104  105  105       105  101  107  105  108  106  108  106  106  104  108  105  105  103  105  105  103  103  107  107  106  102  104  104  106  106  108  109  107  108  106  108  106  106  108  107  105  107  106  104  106  107  105  105  109  110  108  107  107  109  107  107  109  106  106  108  105  105  107  104  106  106  110  108  110  110  107  109  107  106  108  106  107  107 
i14     1            106  105  103  106  107  105  106  106  106  106         1  106  104  107  105  107  105  105  103  107  104  106  102  104  106  102  102  106  106  105  101  105  105  107  105  107  108  106  107  105  107  105  105  107  106  104  106  105  103  105  106  106  104  108  109  107  106  106  108  106  106  108  105  105  107  104  104  106  103  105  105  109  107  109  109  106  108  106  105  107  105  106  106 
i15     1            104  106  106  104  102  106  104  105  101  104  105       105  105  107  104  106  106  104  104  106  107  103  105  107  103  105  105  105  105    1  105  104  104  104  104  108  109  107  108  106  108  106  106  108  107  105  107  108  106  106  107  105  105  109  110  108  107  107  109  107  107  109  106  106  108  105  107  107  106  106  106  110  108  110  110  107  109  107  108  108  108  107  107 
i16     1            107  105  105  108  107  105  108  108  106  108  108  106         1  104  107  105  103  107  105  105  104  106  106  104  106  106  106  106  104  105  107  107  107  105  105  103  104  106  105  105  105  101  105  104  104  106  102  105  107  103  106  108  104  104  105  103  102  104  106  102  104  104  103  105  103  104  106  104  105  107  105  106  105  105  106  106  104  106  107  105  107  108  106 
i17     1            109  107  107  110  109  107  110  110  108  110  110  108  106         1  107  105  105  109  107  105  106  108  108  106  108  108  108  106  106  107  109  109  109  107  107  103  104  107  105  105  105  101  105  104  104  106  105  105  107  106  106  108  106  104  105  103  102  106  106  102  106  104  106  107  103  106  108  104  107  109  105  106  105  105  106  106  104  106  107  105  107  108  106 
i18     1            107  104  104  107  106  104  107  107  105  107  107  105  105  105       104  102  106  106  106  102  107  105  107  107  105  107  107  103  103  108  106  108  108  104  104  106  107  103    1  104  106  105  104  104  107  105  105  106  106  106  107  107  107  107  108  104  105  105  107  105  105  105  104  106  106  105  107  105  106  108  106  108  106  106  108  107  107  107  108  106  108  109  107 
i19     1            107  106  104  107  106  106  107  107  105  107  107  105  107  105  105       104  106  106    1  104  103  107  105  103  107  105  105  105  105  104  106  106  106  106  104  104  105  105  104  102  104  106  102  105  105  105  106  104  106  102  105  107  103  105  106  104  103  103  105  103  103  105  102  104  104  103  105  103  104  106  104  106  104  106  106  105  105  105  106  104  106  107  105 
i20     1            106  106  106  106  104  106  106  105  103  106  105  107  107  105  107  106         1  106  106  106  105  105  107  105  105  107  107  107  101  106  106  106  106  102  102  106  107  107  106  104  106  106  104  107  105  103  107  106  104  108  105  105  107  107  108  106  105  105  107  105  105  107  104  104  106  103  105  105  104  106  104  108  106  108  108  105  107  105  106  106  106  107  105 
i21     1            105  106  102  105  104  106  105  105  103  105  105  103  105  105  107  104  106         1  106  106  105  105  105  105  105  105  105  101  101  106  104  106  106  102  102  106  107  107  106  104  106  106  104  107  105  103  107  106  104  106  105  105  107  107  108  106  105  105  107  105  105  107  104  104  106  103  105  105  104  106  104  108  106  108  108  105  107  105  106  106  106  107  105 
i22     1            105  103  105  107  107  103  106  108  106  106  108  104  104  102  105  105  105  105       101  105  104  104    1  104  104  106  106  106  106  105  105  107  107  107  105  105  106  104  105  103  105  103  103  105  106  106  104  105  107  103  106  108  104  106  107  105  104  104  106  104  104  106  103  105  105  104  106  104  105  107  105  107  105  107  107  106  106  106  107  105  107  108  106 
i23     1            109  106  106  109  108  106  109  109  107  109  109  107  107  107  105  106  104  106  108         1  105  107  107  105  107  107  107  105  105  106  108  108  108  106  106  104  105  105  104  102  104  106  102  105  105  105  106  104  106  106  105  107  107  105  106  104  103  103  105  103  103  105  102  106  104  107  107  103  106  108  104  106  104  106  106  105  105  105  106  104  106  107  105 
i24     1            105  103  107  107  105  103  106  106  104  106  106  104  104  102  105  105  105  101  107  105       106  104  106  106  104  106  106  106  102  107  105  107  107  103  103  105  106  104  107  105  107  103  105  105    1  104  104  107  105  105  106  106  106  106  107  105  104  106  108  104  106  106  105  105  105  104  106  106  105  107  105  108  107  107  108  106  106  106  107  107  107  108  106 
i25     1            104  105  101  104  105  105  104  106  106  104  106  102  104  104  106  103  105  107  103  105  105       105  104  106  105    1  104  104  104  107  103  105  105  105  105  107  108  106  107  105  107  105  105  107  108  106  106  107  105  105  108  106  106  108  109  107  106  106  108  106  106  108  105  107  107  106  106  106  105  107  107  109  107  109  109  108  108  108  107  107  107  108  108 
i26     1            107  105  105  107  105  105  107  106  104  107  106  106  106  104  106  107  105  103  107  105  105  106       104  106  106  104    1  106  104  103  107  105  105  105  105  105  106  106  105  103  105  105  103  106  104  102  106  105  105  107  104  106  102  106  107  105  104  104  106  104  104  106  103  103  105  102  104  104  103  105  103  107  105  107  107  104  106  104  105  105  105  106  104 
i27     1            105  103  105  107  107  103  106  108  106  106  108  104  104  102  105  105  105  105  107  101  105  104  104         1  104  106  106  106  106  105  105  107  107  107  105  105  106  104  105  103  105  103  103  105  106  106  104  105  107  103  106  108  104  106  107  105  104  104  106  104  104  106  103  105  105  104  106  104  105  107  105  107  105  107  107  106  106  106  107  105  107  108  106 
i28     1            105  103  105  107  107  103  106  108  106  106  108  104  104  102  105  105  105  105  107  101  105  104  104  106         1  106  106  106  106  105  105  107  107  107  105  105  106  104  105  103  105  103  103  105  106  106  104  105  107  103  106  108  104  106  107  105  104  104  106  104  104  106  103  105  105  104  106  104  105  107  105  107  105  107  107  106  106  106  107  105  107  108  106 
i29     1            105  106  102  105  104  106  105  105  103  105  105  103  105  105  107  104    1  104  104  106  106  105  105  105  105       105  105  101  101  106  104  106  106  102  102  106  107  107  106  104  106  106  104  107  105  103  107  106  104  106  105  105  107  107  108  106  105  105  107  105  105  107  104  104  106  103  105  105  104  106  104  108  106  108  108  105  107  105  106  106  106  107  105 
i30     1            104  105  101  104  105  105  104  106  106  104  106  102  104  104  106  103  105  107  103  105  105  106  105  104  106  105       104    1  104  107  103  105  105  105  105  107  108  106  107  105  107  105  105  107  108  106  106  107  105  105  108  106  106  108  109  107  106  106  108  106  106  108  105  107  107  106  106  106  105  107  107  109  107  109  109  108  108  108  107  107  107  108  108 
i31     1            107  105  107  109  107  105  108  108  106  108  108  106  106  104  106  107  105  103  109  107  105  106  106  106  106  106  106       106    1  105  107  107  107  105  105  105  106  106  105  103  105  105  103  106  104  102  106  105  105  107  104  106  106  106  107  105  104  104  106  104  104  106  103  103  105  102  106  104  107  107  103  107  105  107  107  104  106  104  105  105  105  106  104 
i32     1              1  104  106  106  104  104  106  105  103  106  105  105  105  103  106  106  106  104  106  102  106  105  101  105  105  101  105  105       105  104  106  106  106  102  102  106  107  105  106  104  106  104  104  106  105  103  105  106  104  104  105  105  103  107  108  106  105  105  107  105  105  107  104  104  106  103  105  105  104  106  104  108  106  108  108  105  107  105  106  106  106  107  105 
i33     1            105  104  102  105  106  104  105  105  107  105  105  103  105  103  106  104  106  106  104  102  106  101  105  105  101  105  105  105  105       106  104  106  106  106  102  106  107  105  106  104  106  104  104  106  107  105  105    1  104  104  107  105  105  107  108  106  105  105  107  105  105  107  104  106  106  105  105  105  104  106  106  108  106  108  108  107  107  107  106  106  106  107  107 
i34     1            104  106  106  104  102  106  104  105  101  104  105  105  105  105  107  104  106  106  104  104  106  107  103  105  107  103  105  105  105  105       105    1  104  104  104  108  109  107  108  106  108  106  106  108  107  105  107  108  106  106  107  105  105  109  110  108  107  107  109  107  107  109  106  106  108  105  107  107  106  106  106  110  108  110  110  107  109  107  108  108  108  107  107 
i35     1            107  106  104  107  106  106  107  105  105  107  105  105  107  105  107  106  106  104  106  104  106  103  107  105  103  107  105  105  107  105  106       104    1  106  104  106  107  107  106  104  106  106  104  107  105  103  107  104  102  106  105  105  107  107  108  106  105  105  107  105  105  107  104  104  106  103  103  105  102  104  104  108  106  108  108  105  107  105  104  106  104  105  105 
i36     1            104  106  106  104  102  106  104  105  101  104  105  105  105  105  107  104  106  106  104  104  106  107  103  105  107  103  105  105  105  105  106  105       104    1  104  108  109  107  108  106  108  106  106  108  107  105  107  108  106  106  107  105  105  109  110  108  107  107  109  107  107  109  106  106  108  105  107  107  106  106  106  110  108  110  110  107  109  107  108  108  108  107  107 
i37     1            107  106  104  107  108  106  107  107  107  107  107  105  107  105  107  106  106  104  106  104  106  103  107  107  103  107  107  107  107  105  106  106  106       106    1  106  107  107  106  104  106  106  104  107  105  103  107  104  102  106  105  105  107  107  108  106  105  105  107  105  105  107  104  104  106  103  103  105  102  106  104  108  106  108  108  105  107  105  104  106  104  105  105 
i38     1            106  105  103  106  105  105    1  104  106  106  104  104  106  104  107  105  107  105  105  103  107  104  106  102  104  106  102  102  106  106  105  101  105  105       105  107  108  106  107  105  107  105  105  107  106  104  106  105  103  105  106  104  104  108  109  107  106  106  108  106  106  108  105  105  107  104  104  106  103  105  105  109  107  109  109  106  108  106  105  107  105  106  106 
i39     1            105  105  103  105  103  105  105  106  102  105  106  104  106  104  107  105  107  105  105  103  107  106  104  102  106  104  102  102  106  106  101  105  105  105  105       107  108  106  107  105  107  105  105  107  106  104  106  107  105  105    1  104  104  108  109  107  106  106  108  106  106  108  105  105  107  104  106  106  105  105  105  109  107  109  109  106  108  106  107  107  107  106  106 
i40     1            107  105  105  108  107  105  108  108  106  108  108  106  106  104  106  107  107  103  107  105  107  104  106  106  104  106  106  106  108  104  105  107  107  107  105  105         1  106  105  107  105  105  107  107  106  106  102  107  107  103  108  108  104  104  105  107  102  104  106  102  104  105  103  105  106  104  106  106  105  107  107  106  105  105  106  106  104  106  107  105  107  108  106 
i41     1            107  105  105  108  107  105  108  108  106  108  108  106  106  104  105  105  103  103  107  105  103  104  106  106  104  106  106  106  104  104  105  107  107  107  105  105  107         1  105  105  105  105  105  101  106  106  102  107  107  103  108  108  104  104  105  105  102  104  106  102  104  105  103  105  106  104  106  106  105  107  107  106  105  105  106  106  104  106  107  105  107  108  106 
i42     1            108  106  106  109  108  106  109  109  107  109  109  107  105  106  103  106  104  105  108  107  104  106  107  108  106  107  108  108  105  105  107  108  109  109  106  106  102  106       104    1  104  104  106  103  105  107  104  106  108  105  107  109  106  106  106  102  104  106  105  104  106  103  105  107  104  106  108  105  107  109  106  106  106  104  107  107  105  107  108  106  108  109  107 
i43     1            107  104  104  107  106  104  107  107  105  107  107  105  105  105  104  104  102  106  106  106  102  107  105  107  107  105  107  107  103  103  108  106  108  108  104  104  106  107  103       104  106  105    1  104  107  105  105  106  106  106  107  107  107  107  108  104  105  105  107  105  105  105  104  106  106  105  107  105  106  108  106  108  106  106  108  107  107  107  108  106  108  109  107 
i44     1            108  106  106  109  108  106  109  109  107  109  109  107  105  106  103  106  104  105  108  107  104  106  107  108  106  107  108  108  105  105  107  108  109  109  106  106  102  106  106  104         1  104  106  103  105  107  104  106  108  105  107  109  106  106  106  102  104  106  105  104  106  103  105  107  104  106  108  105  107  109  106  106  106  104  107  107  105  107  108  106  108  109  107 
i45     1            108  106  106  109  108  106  109  109  107  109  109  107  105  106  103  106  104  105  108  107  104  106  107  108  106  107  108  108  105  105  107  108  109  109  106  106  102  106  106  104  106         1  106  103  105  107  104  106  108  105  107  109  106  106  106  102  104  106  105  104  106  103  105  107  104  106  108  105  107  109  106  106  106  104  107  107  105  107  108  106  108  109  107 
i46     1            107  105  105  108  107  105  108  108  106  108  108  106  106  104  105  105  103  103  107  105  103  104  106  106  104  106  106  106  104  104  105  107  107  107  105  105    1  104  104  105  105  105       105  101  106  106  102  107  107  103  108  108  104  104  105  105  102  104  106  102  104  105  103  105  106  104  106  106  105  107  107  106  105  105  106  106  104  106  107  105  107  108  106 
i47     1            107  104  104  107  106  104  107  107  105  107  107  105  105  105  104  104  102  106  106  106  102  107  105  107  107  105  107  107  103  103  108  106  108  108  104  104  106  107  103  106  104  106  105         1  107  105  105  106  106  106  107  107  107  107  108  104  105  105  107  105  105  105  104  106  106  105  107  105  106  108  106  108  106  106  108  107  107  107  108  106  108  109  107 
i48     1            107  105  105  108  107  105  108  108  106  108  108  106    1  104  104  107  105  103  107  105  105  104  106  106  104  106  106  106  106  104  105  107  107  107  105  105  103  104  106  105  105  105  101  105       104  106  102  105  107  103  106  108  104  104  105  103  102  104  106  102  104  104  103  105  103  104  106  104  105  107  105  106  105  105  106  106  104  106  107  105  107  108  106 
i49     1            105  103  107  107  105  103  106  106  104  106  106  104  104  102  105  105  105  101  107  105  105  106  104  106  106  104  106  106  106  102  107  105  107  107  103  103  105  106  104  107  105  107  103  105  105         1  104  107  105  105  106  106  106  106  107  105  104  106  108  104  106  106  105  105  105  104  106  106  105  107  105  108  107  107  108  106  106  106  107  107  107  108  106 
i50     1            105  103  107  107  105  103  106  106  104  106  106  104  104  102  105  105  105  101  107  105  105  106  104  106  106  104  106  106  106  102  107  105  107  107  103  103  105  106  104  107  105  107  103  105  105  106         1  107  105  105  106  106  106  106  107  105  104  106  108  104  106  106  105  105  105  104  106  106  105  107  105  108  107  107  108  106  106  106  107  107  107  108  106 
i51     1            107  106  104  107  106  106  107  107  105  107  107  105  107  105  105    1  104  106  106  104  104  103  107  105  103  107  105  105  105  105  104  106  106  106  106  104  104  105  105  104  102  104  106  102  105  105  105       104  106  102  105  107  103  105  106  104  103  103  105  103  103  105  102  104  104  103  105  103  104  106  104  106  104  106  106  105  105  105  106  104  106  107  105 
i52     1            105  104  102  105  106  104  105  105  107  105  105  103  105  103  106  104  106  106  104  102  106  101  105  105  101  105  105  105  105  105  106  104  106  106  106  102  106  107  105  106  104  106  104  104  106  107  105  105         1  104  107  105  105  107  108  106  105  105  107  105  105  107  104  106  106  105  105  105  104  106  106  108  106  108  108  107  107  107  106  106  106  107  107 
i53     1            105  104  102  105  106  104  105  105  107  105  105  103  105  103  106  104  106  106  104  102  106  101  105  105  101  105  105  105  105  105  106  104  106  106  106  102  106  107  105  106  104  106  104  104  106  107  105  105  106         1  107  105  105  107  108  106  105  105  107  105  105  107  104  106  106  105  105  105  104  106  106  108  106  108  108  107  107  107  106  106  106  107  107 
i54     1            107  105  105  107  105  105  107  106  104  107  106  106  106  104  106  107  105  103  107  105  105  106    1  104  106  106  104  104  106  104  103  107  105  105  105  105  105  106  106  105  103  105  105  103  106  104  102  106  105  105       104  106  102  106  107  105  104  104  106  104  104  106  103  103  105  102  104  104  103  105  103  107  105  107  107  104  106  104  105  105  105  106  104 
i55     1            105  105  103  105  103  105  105  106  102  105  106  104  106  104  107  105  107  105  105  103  107  106  104  102  106  104  102  102  106  106  101  105  105  105  105  105  107  108  106  107  105  107  105  105  107  106  104  106  107  105  105         1  104  108  109  107  106  106  108  106  106  108  105  105  107  104  106  106  105  105  105  109  107  109  109  106  108  106  107  107  107  106  106 
i56     1            105  105  103  105  103  105  105  106  102  105  106  104  106  104  107  105  107  105  105  103  107  106  104  102  106  104  102  102  106  106  101  105  105  105  105  105  107  108  106  107  105  107  105  105  107  106  104  106  107  105  105  106         1  108  109  107  106  106  108  106  106  108  105  105  107  104  106  106  105  105  105  109  107  109  109  106  108  106  107  107  107  106  106 
i57     1            107  106  104  107  106  106  107  105  105  107  105  105  107  105  107  106  106  104  106  104  106  103  107  105  103  107  105  105  107  105  106    1  104  104  106  104  106  107  107  106  104  106  106  104  107  105  103  107  104  102  106  105  105       107  108  106  105  105  107  105  105  107  104  104  106  103  103  105  102  104  104  108  106  108  108  105  107  105  104  106  104  105  105 
i58     1            108  106  106  109  108  106  109  109  107  109  109  107  107  105  107  108  106  104  108  106  106  105  107  107  105  107  107  107  107  105  106  108  108  108  106  106  106  105  107  106  104  106  106  104  107  103  105  107  104  106  108  105  107  105         1  106  105  107  105  105  107  101  106  106  102  105  107  103  106  108  104  105  104  105  105  105  106  105  106  107  106  107  107 
i59     1            108  106  106  109  108  106  109  109  107  109  109  107  107  105  105  106  104  104  108  106  104  105  107  107  105  107  107  107  105  105  106  108  108  108  106  106  104  105  105  102  104  102  106  104  105  103  105  106  104  106  104  105  107  105  107         1  105  105  105  105  105  101  104  106  102  105  107  103  106  108  104  105  104  105  105  105  106  105  106  106  106  107  107 
i60     1            109  107  107  110  109  107  110  110  108  110  110  108  106  106  104  107  105  105  109  107  105  106  108  108  106  108  108  108  106  106  107  109  109  109  107  107  106  102  107  104  106  104  105  106  107  105  107  104  106  108  105  107  109  106  102  106       104    1  104  104  106  103  105  107  104  106  108  105  107  109  106  105  106  103  106  107  104  107  108  105  108  109  106 
i61     1            109  107  107  110  109  107  110  110  108  110  110  108  108  106  106  109  107  105  109  107  107  106  108  108  106  108  108  108  108  106  107  109  109  109  107  107  107  104  108  105  105  105  107  105  108  104  106  106  105  107  107  106  108  106  106  103  107       104  105  106    1  104  107  105  105  106  106  104  107  107  105  104  105  104  104  106  102  106  107  103  107  108  104 
i62     1            109  107  107  110  109  107  110  110  108  110  110  108  106  106  104  107  105  105  109  107  105  106  108  108  106  108  108  108  106  106  107  109  109  109  107  107  106  102  107  104  106  104  105  106  107  105  107  104  106  108  105  107  109  106  102  106  106  104         1  104  106  103  105  107  104  106  108  105  107  109  106  105  106  103  106  107  104  107  108  105  108  109  106 
i63     1            109  107  107  110  109  107  110  110  108  110  110  108  106  106  104  107  105  105  109  107  105  106  108  108  106  108  108  108  106  106  107  109  109  109  107  107  106  102  107  104  106  104  105  106  107  105  107  104  106  108  105  107  109  106  102  106  106  104  106         1  106  103  105  107  104  106  108  105  107  109  106  105  106  103  106  107  104  107  108  105  108  109  106 
i64     1            108  106  106  109  108  106  109  109  107  109  109  107  107  105  105  106  104  104  108  106  104  105  107  107  105  107  107  107  105  105  106  108  108  108  106  106  104  105  105  102  104  102  106  104  105  103  105  106  104  106  104  105  107  105    1  104  104  105  105  105       105  101  104  106  102  105  107  103  106  108  104  105  104  105  105  105  106  105  106  106  106  107  107 
i65     1            111  109  109  112  111  109  112  112  110  112  112  110  108  108  106  109  107  107  111  109  107  108  110  110  108  110  110  110  108  108  109  111  111  111  109  109  108  104  109  106  107  106  107  107  109  106  108  106  107  109  107  108  110  108  107  103  108  106  106  105  106         1  107  108  105  108  108  106  109  109  107  104  105  104  104  108  105  108  109  106  109  110  106 
i66     1            109  106  106  109  108  106  109  109  107  109  109  107  107  107  105  106  104  106  108  106  104  105  107  107  105  107  107  107  105  105  106  108  108  108  106  106  104  103  105  102  106  102  106  106  105  106  105  105  104  106  104  105  107  105  103  106  104  105  105  101  105  105       104  106  102  105  107  103  106  108  104    1  104  104  106  105  105  105  106  106  106  107  107 
i67     1            109  108  106  109  108  108  109  109  107  109  109  107  109  107  107  108  106  106  108  106  106  105  109  107  105  109  107  107  107  107  106  108  108  108  108  106  106  105  107  104  106  104  108  106  107  105  105  107  104  106  106  105  107  107  105  104  106  107  105  103  107  105  105         1  104  107  105  105  106  106  104  104  102  105  104  107  106  107  106  102  106  107  103 
i68     1            111  108  108  111  110  108  111  111  109  111  111  109  109  108  107  108  106  107  110  108  106  107  109  109  107  109  109  109  107  107  108  110  110  110  108  108  106  105  107  104  107  104  108  107  107  106  107  107  106  108  106  107  109  107  105  104  106  107  106  103  107  106  105  106         1  107  108  105  108  109  106  104  102  105  104  107  106  107  108  106  108  109  106 
i69     1            107  105  107  109  107  105  108  108  106  108  108  106  106  104  106  107  105  103  109  107  105  106  106  106  106  106  106  106  106  104  105  107  107  107  105  105  105  104  106  103  103  103  105  103  106  102  106  106  106  105  105  104  106  104  104  105  105  104  102  106  104  102  105  105  105       104  106  102  105  107  103  106  105  105    1  104  104  104  105  105  105  106  106 
i70     1            109  107  106  109  107  107  109  108  106  109  108  107  108  106  108  108  107  105  108  106  107  105  108  106  105  108  106  106  108  106  105  108  107  107  107  106  107  106  108  105  105  105  107  105  108  104  105  108  104  105  107  104  106  106  106  105  107  106  104  104  106  104  106  106  104  105         1  104  106  105  104  105  103  106  105  102  106  102  106  106  106  106  102 
i71     1            109  107  106  109  109  107  109  109  108  109  109  107  108  106  108  108  107  105  108  106  107  105  108  108  105  108  108  108  108  106  107  108  108  108  107  106  107  106  108  105  105  105  107  105  108  104  105  108  104  107  107  106  107  106  106  105  107  106  104  104  106  104  106  106  104  105  106         1  106  108  104  105  103  106  105  102  106  102  106  106  106  107  107 
i72     1            107  106  104  107  108  106  107  107  107  107  107  105  107  105  107  106  106  104  106  104  106  103  107  107  103  107  107  107  107  105  106  106  106  106  106  104  106  105  107  104  104  104  106  104  107  103  103  107  102  106  106  106  105  105  105  106  106  105  103  105  105  103  106  104  102  106  105  105       104  106  102  106  104  106  106  105  105    1  104  104  104  105  105 
i73     1            109  108  106  109  107  108  109  107  106  109  107  107  109  107  109  108  108  106  108  106  108  105  108  106  105  108  106  106  109  107  105  108  106  106  108  106  108  107  109  106  106  106  108  106  109  105  105  109  104  105  108  104  105  107  107  106  108  107  105  105  107  105  107  106  104  106  106  104  105         1  104  106  104  107  106  103  107  106  102  106  102  106  106 
i74     1            109  108  106  109  107  108  109  109  106  109  109  107  109  107  109  108  108  106  108  106  108  105  108  106  105  108  106  106  109  107  105  108  108  108  108  106  108  107  109  106  106  106  108  106  109  105  105  109  104  105  108  104  107  107  107  106  108  107  105  105  107  105  107  106  104  106  106  104  105  106         1  106  104  107  106  103  107  106  102  106  102  106  106 
i75     1            107  107  105  107  105  107  107  108  104  107  108  106  108  106  108  107  107  105  107  105  107  104  106  104  104  106  104  104  108  106  103  107  107  107  107  105  107  106  108  105  105  105  107  105  108  104  104  108  103  103  107  102  106  106  106  107  107  106  104  106  106  104  107  105  103  107  104  102  106  105  105       107  105  107  107  104  106  104  105  105    1  104  104 
i76     1            109  106  106  109  108  106  109  109  107  109  109  107  107  107  105  106  104  106  108  106  104  105  107  107  105  107  107  107  105  105  106  108  108  108  106  106  104  103  105  102  106  102  106  106  105  106  105  105  104  106  104  105  107  105  103  106  104  105  105  101  105  105  104  104  106  102  105  107  103  106  108  104         1  104  106  105  105  105  106  106  106  107  107 
i77     1            109  106  106  109  108  106  109  109  107  109  109  107  107  107  105  106  104  106  108  106  104  105  107  107  105  107  107  107  105  105  106  108  108  108  106  106  104  103  105  102  106  102  106  106  105  106  105  105  104  106  104  105  107  105  103  106  104  105  105  101  105  105  104  104  106  102  105  107  103  106  108  104  106         1  106  105  105  105  106  106  106  107  107 
i78     1            109  107  107  110  109  107  110  110  108  110  110  108  108  106  106  109  107  105  109  107  107  106  108  108  106  108  108  108  108  106  107  109  109  109  107  107  107  104  108  105  105  105  107  105  108  104  106  106  105  107  107  106  108  106  106  103  107    1  104  105  106  104  104  107  105  105  106  106  104  107  107  105  104  105       104  106  102  106  107  103  107  108  104 
i79     1            107  105  107  109  107  105  108  108  106  108  108  106  106  104  106  107  105  103  109  107  105  106  106  106  106  106  106  106  106  104  105  107  107  107  105  105  105  104  106  103  103  103  105  103  106  102  106  106  106  105  105  104  106  104  104  105  105  104  102  106  104  102  105  105  105  105  104  106  102  105  107  103  106  105  105         1  104  104  105  105  105  106  106 
i80     1            107  105  107  109  107  105  108  108  106  108  108  106  106  104  106  107  105  103  109  107  105  106  106  106  106  106  106  106  106  104  105  107  107  107  105  105  105  104  106  103  103  103  105  103  106  102  106  106  106  105  105  104  106  104  104  105  105  104  102  106  104  102  105  105  105  105  104  106  102  105  107  103  106  105  105  106         1  104  105  105  105  106  106 
i81     1            109  108  106  109  108  108  109  109  107  109  109  107  109  107  107  108  106  106  108  106  106  105  109  107  105  109  107  107  107  107  106  108  108  108  108  106  106  105  107  104  106  104  108  106  107  105  105  107  104  106  106  105  107  107  105  104  106  107  105  103  107  105  105    1  104  104  107  105  105  106  106  104  104  102  105  104  107       107  106  102  106  107  103 
i82     1            107  106  104  107  108  106  107  107  107  107  107  105  107  105  107  106  106  104  106  104  106  103  107  107  103  107  107  107  107  105  106  106  106  106  106  104  106  105  107  104  104  104  106  104  107  103  103  107  102  106  106  106  105  105  105  106  106  105  103  105  105  103  106  104  102  106  105  105  105  104  106  102  106  104  106  106  105  105         1  104  104  105  105 
i83     1            107  106  104  107  108  106  107  107  107  107  107  105  107  105  107  106  106  104  106  104  106  103  107  107  103  107  107  107  107  105  106  106  106  106  106  104  106  105  107  104  104  104  106  104  107  103  103  107  102  106  106  106  105  105  105  106  106  105  103  105  105  103  106  104  102  106  105  105  105  104  106  102  106  104  106  106  105  105  107         1  104  105  105 
i84     1            109  107  106  109  107  107  109  108  106  109  108  107  108  106  108  108  107  105  108  106  107  105  108  106  105  108  106  106  108  106  105  108  107  107  107  106  107  106  108  105  105  105  107  105  108  104  105  108  104  105  107  104  106  106  106  105  107  106  104  104  106  104  106  106  104  105    1  104  104  106  105  104  105  103  106  105  102  106  102  106       106  106  102 
i85     1            107  107  105  107  105  107  107  108  104  107  108  106  108  106  108  107  107  105  107  105  107  104  106  104  104  106  104  104  108  106  103  107  107  107  107  105  107  106  108  105  105  105  107  105  108  104  104  108  103  103  107  102  106  106  106  107  107  106  104  106  106  104  107  105  103  107  104  102  106  105  105  105  107  105  107  107  104  106  104  105  105         1  104 
i86     1            107  107  105  107  105  107  107  108  104  107  108  106  108  106  108  107  107  105  107  105  107  104  106  104  104  106  104  104  108  106  103  107  107  107  107  105  107  106  108  105  105  105  107  105  108  104  104  108  103  103  107  102  106  106  106  107  107  106  104  106  106  104  107  105  103  107  104  102  106  105  105  105  107  105  107  107  104  106  104  105  105  107         1 
i87     1            109  108  106  109  107  108  109  107  106  109  107  107  109  107  109  108  108  106  108  106  108  105  108  106  105  108  106  106  109  107  105  108  106  106  108  106  108  107  109  106  106  106  108  106  109  105  105  109  104  105  108  104  105  107  107  106  108  107  105  105  107  105  107  106  104  106  106  104  105    1  104  104  106  104  107  106  103  107  106  102  106  102  106      
;

set arcs(i,j);
arcs(i,j)$c(i,j) = yes;

set i0(i) /%startcity%/;

set i2(i);
i2(i)$(not i0(i)) = yes;

scalar n 'number of nodes';
n = card(i);

binary variables x(i,j,k);
positive variables u(i);
variable q,z;

equations
   start(k)    'each salesperson exits the origin exactly once'
   end(k)      'each salesperson enters the origin exactly once'
   assign1(i)  'each city is exited exactly once'
   assign2(j)  'each city is entered exactly once'
   sec(i,j)    'subtour elimination (all tours begin/end at origin)'
   sep(j,k)    'each city is entered/exited by the same salesperson'
   subcost(k)
;

start(k).. sum(i2(j), x('%startcity%',j,k)) =e= 1;

end(k).. sum(i2(i), x(i,'%startcity%',k)) =e= 1;

assign1(i2(i)).. sum((arcs(i,j),k), x(i,j,k)) =e= 1;

assign2(i2(j)).. sum((arcs(i,j),k), x(i,j,k)) =e= 1;

sec(arcs(i,j))$(i2(i) and i2(j)).. u(i) - u(j) + p*sum(k, x(i,j,k)) =L= p-1;

sep(i2(j),k).. sum(arcs(i,j), x(i,j,k)) =e= sum(arcs(j,i), x(j,i,k));

subcost(k).. sum(arcs, c(arcs)*x(arcs,k)) - 2 - 105*( sum(arcs, x(arcs,k)) - 2)/6 =L= q;

option optcr=0;
option reslim=28200;

* use parallel MIP
option threads=8;

model mtsp/all/;
solve mtsp minimizing q using mip;